4294967293,131
4294967293,130
4294967293,129
4294967293,128
4294967293,127
4294967293,126
4294967293,125
4294967293,124
4294967293,123
4294967293,122
4294967293,121
4294967293,120
4294967293,119
4294967293,118
4294967293,117
4294967293,116
4294967293,115
4294967293,114
4294967293,113
4294967293,112
4294967293,111
4294967293,110
4294967293,109
4294967293,108
4294967293,107
4294967293,106
4294967293,105
4294967293,104
4294967293,103
4294967293,102
4294967293,101
4294967293,100
4294967293,99
4294967293,98
4294967293,97
4294967293,96
4294967293,95
4294967293,94
4294967293,93
4294967293,92
4294967293,91
4294967293,90
4294967293,89
4294967293,87
4294967293,86
4294967293,85
4294967293,84
4294967293,83
4294967293,82
4294967293,81
4294967293,80
4294967293,79
4294967293,78
4294967293,77
4294967293,76
4294967293,75
4294967293,74
4294967293,73
4294967293,72
4294967293,71
4294967293,70
4294967293,69
4294967293,68
4294967293,67
4294967293,66
4294967293,65
4294967293,64
4294967293,63
4294967293,62
4294967293,61
4294967293,60
4294967293,59
4294967293,58
4294967293,57
4294967293,56
4294967293,55
4294967293,54
4294967293,53
4294967293,52
4294967293,51
4294967293,50
4294967293,49
4294967293,48
4294967293,47
4294967293,46
4294967293,45
4294967293,44
4294967293,43
4294967293,42
4294967293,41
4294967293,40
4294967293,39
4294967293,38
4294967293,37
4294967293,36
4294967293,35
4294967293,34
4294967293,33
4294967293,32
4294967293,31
4294967293,30
4294967293,29
4294967293,28
4294967293,27
4294967293,26
4294967293,25
4294967293,24
4294967293,23
4294967293,22
4294967293,21
4294967293,20
4294967293,19
4294967293,18
4294967293,17
4294967293,16
4294967293,15
4294967293,14
4294967293,13
4294967293,12
4294967293,11
4294967293,10
4294967293,9
4294967293,8
4294967293,7
4294967293,6
4294967293,5
4294967293,4
4294967293,3
4294967278,346
4294967278,77
4294967278,72
4294967278,530
4294967278,71
4294967278,69
4294967278,68
4294967278,525
4294967278,66
4294967278,65
4294967278,64
4294967278,62
4294967278,520
4294967278,61
4294967278,513
4294967278,54
4294967278,53
4294967278,52
4294967278,46
4294967278,45
4294967278,44
4294967278,43
4294967278,40
4294967278,39
4294967278,38
4294967278,34
4294967278,542
4294967278,174
4294967278,0
4294967278,260
4294967278,277
4294967279,124
4294967279,113
4294967279,112
4294967279,111
4294967279,110
4294967279,108
4294967279,107
4294967279,105
4294967279,104
4294967279,103
4294967279,102
4294967279,101
4294967279,100
4294967279,98
4294967279,97
4294967279,91
4294967279,81
4294967279,77
4294967279,73
4294967279,331
4294967279,72
4294967279,70
4294967279,69
4294967279,68
4294967279,67
4294967279,66
4294967279,65
4294967279,63
4294967279,62
4294967279,320
4294967279,61
4294967279,60
4294967279,59
4294967279,58
4294967279,57
4294967279,315
4294967279,56
4294967279,314
4294967279,55
4294967279,313
4294967279,54
4294967279,402
4294967279,312
4294967279,53
4294967279,401
4294967279,311
4294967279,52
4294967279,51
4294967279,50
4294967279,49
4294967279,48
4294967279,47
4294967279,46
4294967279,45
4294967279,44
4294967279,43
4294967279,42
4294967279,41
4294967279,40
4294967279,39
4294967279,38
4294967279,37
4294967279,36
4294967279,35
4294967279,34
4294967279,30
4294967279,29
4294967279,25
4294967279,24
4294967279,174
4294967279,88
4294967279,0
4294967279,346
4294967294,1425
4294967294,950
4294967294,106
4294967294,104
4294967279,336
4294967279,326
4294967278,512
4294967278,319
4294967294,1800
4294967294,1109
4294967294,923
4294967294,1099
4294967294,178
4294967294,1430
4294967294,742
4294967294,741
4294967294,739
4294967294,735
4294967294,734
4294967294,733
4294967294,729
4294967294,728
4294967294,724
4294967294,723
4294967294,711
4294967294,697
4294967294,922
4294967294,685
4294967294,674
4294967294,660
4294967294,656
4294967294,653
4294967294,651
4294967294,650
4294967294,645
4294967294,1798
4294967294,638
4294967294,637
4294967294,635
4294967294,634
4294967294,633
4294967294,632
4294967294,629
4294967294,628
4294967294,616
4294967294,613
4294967294,611
4294967294,606
4294967294,605
4294967294,604
4294967294,602
4294967294,600
4294967294,599
4294967294,597
4294967294,596
4294967294,595
4294967294,594
4294967294,583
4294967294,582
4294967294,580
4294967294,313
4294967294,305
4294967294,304
4294967294,298
4294967294,296
4294967294,295
4294967294,1572
4294967294,1440
4294967294,1655
4294967294,1570
4294967294,1571
4294967294,1149
4294967294,1569
4294967294,1136
4294967294,1568
4294967294,1125
4294967294,271
4294967294,270
4294967294,268
4294967294,267
4294967294,266
4294967294,1094
4294967294,265
4294967294,264
4294967294,130
4294967294,255
4294967294,254
4294967294,253
4294967294,239
4294967294,238
4294967294,237
4294967294,1443
4294967294,1567
4294967294,1110
4294967294,1566
4294967294,951
4294967294,203
4294967294,202
4294967294,199
4294967294,1436
4294967294,194
4294967294,193
4294967294,192
4294967294,566
4294967294,557
4294967294,1564
4294967294,785
4294967294,1565
4294967294,1091
4294967294,428
4294967294,1137
4294967294,1100
4294967294,1659
4294967294,99
1,0
4294967294,1563
4294967294,107
4294967294,1417
4294967294,1622
4294967294,865
4294967294,1562
4294967294,1128
4294967294,1097
4294967294,1561
4294967294,1106
4294967294,8
4294967294,165
4294967294,394
4294967294,1118
4294967294,51
4294967294,798
4294967294,1611
4294967294,53
4294967294,1130
4294967278,313
4294967279,305
4294967278,312
4294967278,311
4294967278,282
4294967278,343
4294967278,310
4294967278,305
4294967278,300
4294967278,295
4294967279,400
4294967278,342
4294967278,340
4294967279,399
4294967278,341
4294967278,339
4294967294,1437
4294967294,1793
4294967294,156
4294967294,952
4294967294,167
4294967294,1424
4294967294,1092
4294967294,1560
4294967294,1559
4294967294,1558
4294967294,1116
4294967294,1557
4294967294,1556
4294967294,1612
4294967294,1555
4294967294,1117
4294967294,1554
4294967294,1552
4294967294,1652
4294967294,987
4294967294,1551
4294967294,1618
4294967294,908
4294967294,1462
4294967294,1138
4294967294,1615
4294967294,1132
4294967294,2
4294967294,24
4294967294,46
4294967294,1608
4294967294,1126
4294967294,1123
4294967294,1548
4294967294,1606
4294967294,1127
4294967294,1662
4294967294,1607
4294967294,1546
4294967294,1617
4294967294,989
4294967294,1545
4294967294,1
4294967294,1470
4294967294,1614
4294967294,1616
4294967294,1613
4294967294,1610
4294967294,1544
4294967294,1469
4294967294,443
4294967294,899
4294967294,1129
4294967294,455
4294967294,83
4294967294,1602
4294967294,1540
4294967294,29
4294967294,1455
4294967294,92
4294967294,91
4294967294,90
4294967294,88
4294967294,87
4294967294,86
4294967294,85
4294967294,425
4294967294,1538
4294967294,28
4294967294,27
4294967294,25
4294967294,1466
4294967294,1536
4294967294,26
4294967294,454
4294967294,1600
4294967294,45
4294967294,1601
4294967294,44
4294967294,43
4294967294,82
4294967294,954
4294967294,395
4294967294,3
4294967294,1471
4294967294,1650
4294967294,392
4294967294,1467
4294967294,1465
4294967294,442
4294967294,1454
4294967294,513
4294967294,1457
4294967294,476
4294967294,1450
4294967294,990
4294967294,461
4294967294,430
4294967294,991
4294967294,1088
4294967294,1135
4294967294,1134
4294967294,125
4294967294,1475
4294967294,1474
4294967294,1473
4294967294,1472
4294967294,383
4294967294,381
4294967294,382
4294967294,380
4294967294,379
4294967294,378
4294967294,377
4294967294,376
4294967294,375
4294967294,374
4294967294,373
4294967294,372
4294967294,371
4294967278,307
4294967279,300
4294967278,302
4294967279,295
4294967278,297
4294967279,286
4294967279,225
4294967278,337
4294967279,397
4294967278,306
4294967279,299
4294967278,301
4294967279,294
4294967279,289
4294967279,398
4294967278,338
4294967279,395
4294967279,394
4294967278,336
4294967278,335
4294967278,333
4294967279,393
4294967279,392
4294967279,396
4294967279,290
4294967278,334
4294967278,296
4294967294,465
4294967294,1801
4294967294,452
4294967294,414
4294967294,1796
4294967294,417
4294967294,418
4294967294,406
4294967294,413
4294967294,450
4294967294,391
4294967294,386
4294967294,385
4294967294,422
4294967294,410
4294967294,949
4294967294,401
4294967294,1416
4294967294,188
4294967294,185
4294967294,177
4294967294,182
4294967294,973
4294967294,972
4294967294,974
4294967294,970
4294967294,411
4294967294,174
4294967294,176
4294967294,1651
4294967294,1641
4294967294,370
4294967294,369
4294967294,368
4294967294,367
4294967294,366
4294967294,364
4294967294,365
4294967294,363
4294967294,362
4294967294,361
4294967294,360
4294967294,359
4294967294,358
4294967294,357
4294967294,356
4294967294,355
4294967294,354
4294967278,292
4294967294,172
4294967294,171
4294967294,84
4294967294,399
4294967294,353
4294967294,352
4294967294,351
4294967294,350
4294967294,349
4294967294,347
4294967294,348
4294967294,329
4294967294,328
4294967294,327
4294967294,326
4294967294,325
4294967294,324
4294967294,323
4294967294,322
4294967294,321
4294967294,320
4294967294,346
4294967294,345
4294967294,344
4294967294,343
4294967294,342
4294967294,340
4294967294,341
4294967294,339
4294967294,338
4294967294,337
4294967294,336
4294967294,335
4294967294,334
4294967294,333
4294967294,173
4294967294,163
4294967294,190
4294967294,969
4294967294,971
4294967294,332
4294967294,389
4294967294,390
4294967294,0
4294967294,948
4294967294,52
4294967294,968
4294967294,1415
4294967294,1414
4294967294,18
4294967294,331
4294967294,19
4294967294,330
4294967294,405
4294967294,404
4294967294,398
4294967294,402
4294967294,397
4294967294,400
4294967294,415
4294967294,1418
4294967294,451
4294967294,412
4294967294,1101
4294967294,181
4294967294,180
4294967294,169
4294967294,183
4294967294,189
4294967294,384
4294967294,160
4294967294,466
4294967294,31
4294967294,1095
4294967294,1115
4294967294,850
4294967294,1605
4294967294,1111
4294967294,854
4294967294,506
4294967278,211
4294967278,289
4294967279,367
4294967278,243
4294967279,361
4294967279,235
4294967279,233
4294967279,231
4294967279,229
4294967279,227
4294967279,221
4294967279,219
4294967279,217
4294967278,215
4294967279,215
4294967279,360
4294967279,359
4294967279,357
4294967278,556
4294967279,356
4294967279,355
4294967278,546
